657
9578
12155
11388
4051
6482
2040
5077
3231
7220
12107
10026
972
7098
9802
7984
11199
12149
8392
6294
11741
8254
1199
3094
3518
5858
2642
8155
6128
3574
11670
110
5004
3155
2322
2410
11165
7089
9349
11496
6075
167
866
10642
3306
611
1344
4965
1090
1743
2573
3015
6597
2387
10946
6888
4356
7313
2704
9504
7643
2332
5357
11304
11211
5902
2326
4925
10592
6109
10329
9013
5943
1125
4812
11588
4296
4049
10086
10626
11509
4758
140
11581
8967
86
1288
12181
6663
1282
1109
8095
5753
459
4432
10351
9968
2687
7608
11398
936
8696
378
10673
2236
5008
7761
1688
2805
9033
6677
6511
5106
4995
1869
8498
6811
11822
7879
5263
4870
4778
10330
2981
1120
10657
12236
9941
4789
9436
7874
7733
4643
1079
6982
1823
9864
4422
11690
11170
9593
4040
11864
4567
667
285
2006
11809
708
1701
11083
8016
3981
307
1035
643
8950
9458
2676
2245
4803
9072
9332
547
3253
3373
8565
6725
3080
11022
8163
5784
1604
9639
2789
652
3465
7451
384
766
6295
11862
201
2041
8110
3590
11559
5592
7392
5963
4100
7477
9244
1749
11158
3023
1119
288
2981
9322
6952
11245
1036
104
2461
7901
381
220
1929
731
5305
11384
1658
803
12220
8324
2213
4269
11488
11294
4865
11524
412
8695
9465
405
5949
770
2932
2387
5485
9393
4198
291
6231
3792
1197
7443
12233
10166
5013
11925
3271
2892
1704
7655
6136
334
8213
2820
2583
10777
1325
6870
10385
10246
5515
4971
4531
10387
515
5142
5264
4189
202
11099
5568
7762
3736
8135
6324
4612
11248
8134
9054
2117
1800
10708
1181
11517
3343
4678
5263
7536
11558
10698
544
11264
9678
6085
4406
6563
53
10059
4807
6685
5378
12283
10655
1285
6852
1495
12144
10548
7036
9265
9126
1506
9828
2723
10849
3289
8942
11358
9070
8516
5689
4312
3488
9881
483
2159
3766
3377
9346
3734
3596
3222
1461
360
7549
4850
88
12141
2722
9150
4457
7467
4676
10088
4715
10485
3316
6010
5868
8767
5182
85
7159
7511
5616
9055
1503
4858
11413
3719
9537
9932
6978
2385
7071
253
10741
5592
6215
5017
3628
3793
7988
6747
8905
10520
4023
2875
6392
7710
9828
10466
2878
4085
5422
12121
9783
3079
3245
511
3744
10048
1195
9064
9915
1187
8459
2296
7268
8865
7022
6157
5113
3953
1675
420
8138
8006
1484
5069
593
9242
2682
5598
11429
9878
7469
8008
6917
9441
430
8393
1166
598
1306
3341
9216
7838
8177
11775
746
7075
6718
3011
3636
6091
4385
46
4199
11687
4042
10982
8531
8330
10155
9346
7301
6251
10356
6401
5692
6923
1490
10015
372
5803
5743
512
11841
4618
7260
7056
10116
5747
3514
7497
10146
1443
4769
3556
6832
11403
8870
5426
5310
8676
11228
2900
3612
1723
1467
5664
9247
8042
2382
5353
12204
8694
1482
3706
8049
10865
1065
7590
1030
4818
5996
11816
5702
6348
7411
11747
2374
8700
3882
5584
7150
9906
9121
7826
11633
8613
5120
7260
125
10627
